0
0.22093
0.127941
0.117822
0.112519
0.106866
0.10241
0.103729
0.10713
0.10719
0.106325
0.1057
0.106284
0.106489
0.108986
0.110438
0.112254
0.113118
0.114379
0.115368
0.116684
0.119114
0.121101
0.123652
0.125181
0.126694
0.13016
0.132536
0.134292
0.136528
0.13799
0.138464
0.138612
0.141611
0.142558
0.143345
0.144062
0.145738
0.147327
0.148642
0.150345
0.149879
0.152512
0.153442
0.155484
0.157777
0.159356
0.160144
0.161691
0.162857
0.16449
0.16648
0.166516
0.168103
0.169283
0.169721
0.171466
0.172292
0.174156
0.174953
0.176371
0.177735
0.179239
0.180786
0.181673
0.182731
0.183967
0.185134
0.187035
0.187436
0.189286
0.189819
0.191126
0.192224
0.192649
0.193132
0.194333
0.195484
0.197096
0.197987
0.198941
0.199586
0.200232
0.200756
0.201813
0.202823
0.203761
0.204779
0.205182
0.206127
0.207221
0.208139
0.208659
0.209043
0.209661
0.210231
0.211542
0.212229
0.213219
0.214101
0.215598
0.216067
0.217094
0.217871
0.218342
0.219307
0.220377
0.220779
0.22136
0.221711
0.222654
0.22386
0.224526
0.224717
0.225512
0.226269
0.227383
0.228473
0.228995
0.229918
0.230474
0.231044
0.231612
0.232107
0.232565
0.233501
0.234422
0.234947
0.235514
0.236474
0.237404
0.237752
0.238731
0.23915
0.239614
0.240487
0.241306
0.241766
0.242668
0.243255
0.244113
0.24474
0.245348
0.246283
0.246792
0.247387
0.247663
0.247996
0.248246
0.249085
0.250244
0.250884
0.251611
0.252445
0.252647
0.25317
0.253923
0.254515
0.255189
0.255624
0.256282
0.257208
0.257751
0.258077
0.258223
0.258902
0.259436
0.259921
0.26044
0.260562
0.261163
0.261642
0.26194
0.262196
0.262724
0.262937
0.263091
0.263631
0.264194
0.264728
0.26528
0.266215
0.266447
0.266816
0.267572
0.267807
0.268317
0.268845
0.269366
0.269871
0.270358
0.270796
0.271683
0.272783
0.273015
0.273225
0.273848
0.274389
0.274871
0.275274
0.275641
0.275972
0.276569
0.276639
0.277162
0.27789
0.278378
0.278539
0.27903
0.279384
0.279642
0.279869
0.280461
0.280872
0.281142
0.281333
0.281418
0.282088
0.282269
0.282363
0.282736
0.283046
0.283187
0.28359
0.283813
0.283966
0.284357
0.284889
0.285243
0.285726
0.285871
0.286247
0.286689
0.287228
0.287519
0.287873
0.288094
0.28827
0.288814
0.289193
0.289642
0.289918
0.290117
0.290531
0.290932
0.291135
0.29137
0.291927
0.292205
0.292983
0.293428
0.293724
0.294224
0.294483
0.294894
0.295273
0.295775
0.295948
0.296292
0.296508
0.296724
0.297147
0.297289
0.297233
0.297632
0.297862
0.298319
0.298748
0.298921
0.299612
0.299908
0.300383
0.300886
0.301422
0.301817
0.302023
0.302532
0.302759
0.302877
0.303254
0.303565
0.303717
0.303892
0.304142
0.304319
0.304724
0.304979
0.305365
0.305783
0.30599
0.306104
0.306315
0.306597
0.307069
0.307214
0.307538
0.307923
0.308122
0.308402
0.308735
0.309012
0.309377
0.309537
0.309788
0.310219
0.310474
0.310544
0.310672
0.310732
0.311063
0.311288
0.311587
0.311895
0.312384
0.312819
0.313029
0.313425
0.313548
0.313875
0.314176
0.314456
0.314541
0.314942
0.315113
0.315321
0.315604
0.315821
0.316104
0.316221
0.316263
0.316426
0.316625
0.316794
0.317024
0.317393
0.31784
0.317982
0.318306
0.318573
0.318921
0.319239
0.319393
0.319497
0.319828
0.320093
0.320251
0.32066
0.320887
0.321111
0.32148
0.321665
0.322003
0.322234
0.3224
0.32277
0.322937
0.32312
0.323382
0.323764
0.324079
0.324467
0.32458
0.324663
0.324698
0.324817
0.324961
0.325221
0.325587
0.325752
0.326053
0.326255
0.326313
0.326626
0.326968
0.327181
0.327327
0.327404
0.327624
0.327872
0.328123
0.328367
0.328841
0.329126
0.329243
0.329542
0.32969
0.329997
0.330133
0.330279
0.330571
0.330657
0.330983
0.33137
0.331521
0.331697
0.331815
0.332046
0.332323
0.332541
0.33261
0.332842
0.333012
0.333308
0.333532
0.333724
0.333875
0.334065
0.334179
0.334383
0.334511
0.334844
0.3351
0.33518
0.335399
0.335459
0.335721
0.335923
0.336093
0.336371
0.336594
0.336903
0.33725
0.337363
0.337504
0.337737
0.33805
0.33815
0.338393
0.338645
0.338752
0.339063
0.339302
0.339565
0.33985
0.339948
0.340085
0.340168
0.340353
0.340471
0.34067
0.3408
0.340957
0.341124
0.341265
0.34158
0.341598
0.341764
0.341844
0.342025
0.342165
0.342351
0.342487
0.342549
0.342874
0.343088
0.343221
0.343449
0.34362
0.343783
0.343969
0.344201
0.344227
0.344334
0.344442
0.344563
0.34461
0.344739
0.344936
0.344986
0.345291
0.345551
0.345779
0.345898
0.346006
0.346114
0.346089
0.346223
0.346357
0.346648
0.346761
0.346824
0.347001
0.347115
0.347277
0.347377
0.347567
0.347657
0.347874
0.348082
0.348194
0.348306
0.348462
0.348735
0.348915
0.349213
0.349202
0.349447
0.3497
0.349788
0.350027
0.350224
