0
0.277439
0.184091
0.164322
0.156509
0.15218
0.150699
0.150418
0.150348
0.151601
0.152994
0.156987
0.157113
0.158429
0.159879
0.162656
0.164594
0.166369
0.168698
0.171211
0.172469
0.174648
0.176549
0.177229
0.179595
0.180631
0.182258
0.182751
0.184722
0.18583
0.187414
0.189562
0.191369
0.193003
0.195574
0.196873
0.198664
0.200357
0.202396
0.203491
0.205166
0.206548
0.209195
0.210711
0.212724
0.213983
0.215345
0.216966
0.218425
0.22036
0.222591
0.224
0.225449
0.226736
0.228161
0.229727
0.231016
0.232559
0.233774
0.235411
0.236068
0.237356
0.23896
0.240512
0.241329
0.24225
0.243704
0.244769
0.245437
0.246423
0.248312
0.24974
0.250932
0.252302
0.252935
0.253775
0.255367
0.256442
0.256857
0.258395
0.259367
0.260758
0.261714
0.262568
0.263825
0.265351
0.266519
0.268321
0.26981
0.271125
0.272045
0.273226
0.274215
0.275128
0.276209
0.277395
0.278254
0.279097
0.279964
0.280654
0.281493
0.28252
0.283245
0.284004
0.284695
0.285874
0.287118
0.287781
0.288243
0.289146
0.289729
0.29068
0.291627
0.292091
0.292616
0.293372
0.294107
0.294879
0.295584
0.295842
0.296373
0.297234
0.298028
0.298671
0.299446
0.300205
0.301063
0.301725
0.302261
0.302826
0.303691
0.304293
0.305051
0.305693
0.306321
0.307185
0.308089
0.308898
0.309581
0.310589
0.311276
0.312048
0.312967
0.313947
0.314867
0.31549
0.316306
0.316943
0.317696
0.318473
0.318896
0.319391
0.319919
0.320265
0.320975
0.321351
0.322042
0.322668
0.323073
0.323748
0.324547
0.325001
0.325497
0.326142
0.326753
0.32721
0.32779
0.328112
0.328555
0.329287
0.329811
0.330551
0.330982
0.331477
0.332093
0.332725
0.333322
0.333952
0.334705
0.335217
0.335811
0.336475
0.336969
0.337415
0.337802
0.338332
0.338856
0.339416
0.340116
0.340417
0.341248
0.341734
0.342306
0.342999
0.343457
0.344165
0.34464
0.345257
0.345578
0.345962
0.346408
0.346764
0.347413
0.347765
0.348199
0.348808
0.349455
0.349977
0.35051
0.350786
0.35119
0.351749
0.352116
0.352571
0.352984
0.353488
0.354054
0.354455
0.354828
0.355165
0.355636
0.35576
0.356287
0.356886
0.357325
0.35788
0.358472
0.359073
0.359494
0.359768
0.360082
0.360244
0.3607
0.360992
0.361349
0.361628
0.361941
0.362269
0.362426
0.362927
0.363241
0.363552
0.363936
0.364352
0.364536
0.365116
0.365451
0.365774
0.366138
0.366461
0.366993
0.367478
0.367746
0.368191
0.368612
0.36906
0.369333
0.36978
0.370154
0.370453
0.370841
0.371225
0.371411
0.371607
0.372046
0.372573
0.372787
0.373071
0.373312
0.3738
0.374125
0.374449
0.374728
0.375054
0.375405
0.375764
0.376011
0.376335
0.376617
0.376929
0.377103
0.377547
0.37787
0.378114
0.378386
0.378689
0.378991
0.379376
0.379547
0.379629
0.3801
0.380263
0.380442
0.380775
0.38102
0.38134
0.381649
0.381889
0.382115
0.382303
0.382497
0.382717
0.382862
0.383237
0.383627
0.384027
0.384206
0.384555
0.384878
0.385243
0.385549
0.385845
0.386192
0.386436
0.386685
0.386842
0.387076
0.387363
0.387698
0.388042
0.388354
0.388744
0.389057
0.389397
0.38966
0.389843
0.389977
0.390182
0.390451
0.390759
0.391072
0.391321
0.391701
0.392082
0.392336
0.392658
0.39312
0.393321
0.393671
0.393914
0.394344
0.394503
0.39473
0.395036
0.39518
0.395527
0.395743
0.395994
0.396163
0.396454
0.396571
0.396768
0.39707
0.397166
0.397434
0.397568
0.397857
0.398129
0.398356
0.398711
0.398917
0.399195
0.399468
0.399611
0.39989
0.400164
0.400417
0.400772
0.401031
0.401132
0.401213
0.401482
0.401749
0.401981
0.40217
0.40249
0.402611
0.402915
0.403089
0.403308
0.403474
0.403826
0.404181
0.404439
0.404685
0.404894
0.405079
0.405388
0.405735
0.405938
0.406249
0.406534
0.40674
0.406784
0.406968
0.407073
0.407298
0.407379
0.407608
0.407916
0.408111
0.408372
0.408425
0.408558
0.408756
0.40891
0.40911
0.409241
0.409369
0.409605
0.409786
0.409957
0.41022
0.410357
0.410638
0.410775
0.411007
0.411191
0.411471
0.41163
0.411806
0.412024
0.412291
0.412542
0.412783
0.413065
0.41326
0.413472
0.413648
0.413874
0.414121
0.414277
0.414454
0.414664
0.414752
0.414811
0.415038
0.415046
0.415326
0.415534
0.415748
0.415978
0.41615
0.416287
0.416461
0.41657
0.416764
0.416948
0.417176
0.41735
0.417399
0.417667
0.417924
0.418048
0.418278
0.418453
0.418664
0.418871
0.418982
0.41913
0.419269
0.419444
0.419613
0.419807
0.420031
0.420158
0.420327
0.420569
0.420684
0.420959
0.42104
0.421204
0.42138
0.421565
0.421759
0.421867
0.422069
0.422186
0.422306
0.422521
0.422678
0.422914
0.423088
0.423183
0.423363
0.423543
0.423758
0.423885
0.424014
0.424124
0.424333
0.424472
0.424545
0.424679
0.424815
0.424897
0.425033
0.425229
0.42531
0.42531
0.425421
