0.517179
0.537089
0.531741
0.530057
0.539969
0.543095
0.552798
0.55424
0.551414
0.554745
0.548127
0.542093
0.539166
0.534072
0.528909
0.526467
0.524446
0.522677
0.520766
0.518095
0.513002
0.507596
0.504602
0.502062
0.498063
0.494312
0.491254
0.490278
0.487609
0.484482
0.479892
0.475408
0.472069
0.469075
0.465982
0.462303
0.459349
0.456212
0.453842
0.451071
0.448466
0.445148
0.442291
0.439278
0.436104
0.433951
0.4316
0.429314
0.427155
0.424511
0.422059
0.420037
0.417529
0.416094
0.414518
0.412524
0.41103
0.408932
0.406786
0.404966
0.403923
0.402104
0.401123
0.399852
0.398603
0.397588
0.396712
0.395242
0.394263
0.393183
0.392985
0.392682
0.39235
0.391569
0.391211
0.39096
0.390589
0.390035
0.389895
0.389581
0.390212
0.390648
0.391432
0.392133
0.392224
0.392882
0.393209
0.393528
0.394197
0.394635
0.396052
0.397438
0.399267
0.40066
0.402331
0.40364
0.404988
0.406161
0.40739
0.408378
0.409604
0.410869
0.411803
0.4129
0.413836
0.414713
0.415752
0.417013
0.418134
0.419259
0.419986
0.420821
0.421697
0.422476
0.423246
0.423965
0.424843
0.425866
0.426631
0.427533
0.428657
0.429317
0.429926
0.430577
0.431374
0.432427
0.43335
0.43418
0.434968
0.436091
0.437033
0.437722
0.438578
0.439586
0.440136
0.440941
0.441532
0.442192
0.442623
0.443498
0.444277
0.444837
0.445364
0.446033
0.446639
0.447186
0.44777
0.448568
0.44911
0.449745
0.450253
0.450734
0.451262
0.451775
0.452589
0.453197
0.453644
0.454222
0.454852
0.455299
0.455799
0.456241
0.456706
0.457149
0.457587
0.458156
0.458782
0.45922
0.459638
0.460037
0.460522
0.461008
0.461473
0.462036
0.462528
0.463082
0.463646
0.463989
0.464575
0.464844
0.465277
0.465609
0.465898
0.466184
0.466431
0.466738
0.467072
0.467579
0.467964
0.468218
0.468531
0.469028
0.46911
0.469251
0.469521
0.469834
0.469925
0.470286
0.470643
0.470912
0.471201
0.471606
0.471917
0.4723
0.472568
0.472969
0.473157
0.473427
0.473654
0.473877
0.473956
0.474284
0.474587
0.474844
0.475292
0.475567
0.475952
0.476144
0.476443
0.476711
0.477059
0.47724
0.477632
0.47791
0.478356
0.478636
0.478729
0.478885
0.479148
0.479602
0.479896
0.480227
0.480307
0.480347
0.48057
0.480847
0.481147
0.481308
0.481619
0.481884
0.482027
0.482189
0.482201
0.482382
0.482702
0.482896
0.483203
0.483405
0.483608
0.483913
0.484174
0.48433
0.484723
0.485017
0.485262
0.485473
0.485649
0.485921
0.486114
0.486404
0.486673
0.48689
0.487075
0.48714
0.487482
0.487704
0.487977
0.488042
0.48819
0.48819
0.488508
0.488614
0.488875
0.488913
0.489083
0.489216
0.489351
0.489473
0.489655
0.489752
0.489808
0.489921
0.490173
0.490337
0.490481
0.490588
0.49058
0.490676
0.490771
0.490851
0.49092
0.490942
0.491129
0.491291
0.491488
0.491732
0.491873
0.491895
0.491993
0.492282
0.492484
0.492572
0.492609
0.492669
0.492852
0.492931
0.493007
0.493048
0.493178
0.493336
0.49355
0.493778
0.493855
0.493874
0.493985
0.494053
0.494155
0.494299
0.494426
0.494593
0.494672
0.494764
0.494856
0.49509
0.49515
0.495197
0.495224
0.4954
0.49554
0.495663
0.495849
0.495842
0.495999
0.496052
0.496132
0.496092
0.49625
0.496396
0.496454
0.496605
0.496668
0.496644
0.496738
0.496805
0.496892
0.497013
0.497085
0.497071
0.497083
0.497007
0.497124
0.497075
0.497119
0.497028
0.497173
0.497207
0.497316
0.49739
0.497395
0.497413
0.497588
0.497697
0.497646
0.497668
0.497781
0.497797
0.49786
0.497884
0.498029
0.498198
0.498293
0.49831
0.498381
0.498515
0.498478
0.498482
0.498526
0.498596
0.498599
0.498693
0.498774
0.498742
0.498807
0.4988
0.498717
0.498775
0.498834
0.498781
0.498847
0.498838
0.498907
0.498888
0.499115
0.499178
0.499072
0.499168
0.499156
0.499191
0.499222
0.499255
0.499304
0.499438
0.49946
0.499422
0.499386
0.499471
0.499491
0.499609
0.499663
0.499706
0.499737
0.499816
0.499851
0.499933
0.499989
0.499897
0.499918
0.4999
0.499871
0.499878
0.499973
0.500014
0.500004
0.500067
0.500152
0.500147
0.50022
0.500249
0.500292
0.500311
0.500346
0.500424
0.500476
0.500473
0.500568
0.500601
0.500608
0.500551
0.500601
0.500686
0.500827
0.500919
0.500879
0.500984
0.501086
0.501171
0.501215
0.501185
0.501229
0.501243
0.501288
0.501325
0.501471
0.501539
0.501502
0.501582
0.501656
0.501708
0.501659
0.501764
0.501821
0.501839
0.501878
0.501938
0.501923
0.502009
0.502055
0.50212
0.502129
0.5022
0.502221
0.502219
0.502226
0.502301
0.502384
0.502413
0.502503
0.502605
0.502612
0.502677
0.502786
0.502889
0.502992
0.503057
0.503154
0.503294
0.503306
0.503313
0.503339
0.503385
